Centroid 0: [39.098,-202.311,86.814,-509.701,328.529,57.122,-118.289,-170.412,-141.802,146.666,44.002,-0.444,142.038,-7.217,-18.595,21.43,46.062,34.573,2.671,25.999,-7.996,-36.65,-71.651,20.985,14.178], 6381.0
Centroid 1: [1001.953,-145.828,-30.583,-140.166,-203.167,-188.409,-13.516,-137.782,-128.233,-82.745,-260.335,-260.696,-99.179,-200.734,-303.228,-54.648,-75.731,103.984,-89.466,-91.555,6.927,54.482,98.558,40.438,-12.722], 1899.0
Centroid 2: [-728.741,-342.396,84.25,87.61,-212.078,3.882,29.828,-78.454,85.055,57.866,20.667,40.185,23.894,27.256,-87.069,-7.772,-31.282,-3.056,-31.904,-14.565,-5.359,10.608,39.571,-3.212,0.932], 10811.0
Centroid 3: [208.513,-451.691,-663.203,-142.049,116.269,-83.284,-51.154,115.844,32.3,-224.471,95.342,-41.478,-22.331,1.806,47.806,22.654,-58.104,-15.879,13.804,43.004,10.236,7.217,-16.707,-41.664,-33.641], 7030.0
Centroid 4: [181.043,-312.186,330.151,444.678,333.283,362.061,81.247,229.695,-242.15,136.705,53.821,28.084,-121.201,-65.784,128.796,1.581,-47.235,-13.808,-6.587,-51.998,15.257,45.316,63.174,-32.752,-46.824], 4677.0
Centroid 5: [-25.763,617.166,-343.7,157.581,27.156,-19.613,-186.878,127.584,82.277,199.264,-35.616,-7.8,10.359,22.717,-14.812,-15.475,-14.496,-52.154,-14.55,-12.648,45.469,-9.675,19.684,18.468,46.067], 9306.0
Centroid 6: [1117.632,-238.883,-199.075,77.391,-764.98,391.652,181.496,-312.997,76.624,185.866,-40.765,145.35,-26.054,-57.58,96.035,19.269,152.765,-48.261,-6.48,-54.034,-69.783,-32.562,-132.53,-31.117,48.274], 2558.0
Centroid 7: [-259.708,565.308,224.865,-283.488,-37.417,168.487,134.155,-34.995,-37.841,-265.069,-12.737,4.268,-64.959,-23.227,23.124,13.92,26.796,1.048,39.631,-8.488,-30.238,35.495,-34.916,-2.827,-14.41], 8898.0
Centroid 8: [666.067,-164.625,697.475,-294.534,-345.818,-232.316,-111.582,294.202,212.304,70.262,7.858,71.844,-71.377,81.464,98.495,31.854,-51.657,43.813,-25.795,46.164,22.84,-27.15,73.936,21.708,9.031], 2907.0
Centroid 9: [211.3,39.973,251.362,579.169,225.634,-506.005,152.375,-112.409,-19.489,-115.874,-73.306,-58.259,90.957,60.237,17.611,-42.894,85.547,47.582,55.28,54.861,-16.171,-56.125,-15.214,25.283,-12.851], 5533.0
